-1.111432740268714170e+01 -7.497014513311752282e+00
-1.590349441217731830e+01 -6.292517612245803527e+00
-9.217376436804157080e+00 -3.692698993201128044e+00
-6.865333750168739257e+00 -1.227147595543860437e+00
2.195737675240210507e+01 -1.638211134921708556e+00
2.599783840790511391e+00 1.251257850561695761e+01
1.953940798980059412e+01 -4.106685585360233759e+00
1.144854080076406433e+00 7.606813632533754088e+00
2.168260673284738616e+01 -8.194179479483002515e-01
1.936853405102528214e+01 2.544370432925091574e+00
1.963399013622471045e+01 -2.137881189418118666e+00
-1.172160995123557470e+01 -1.025275357486266792e+01
2.137705164715503869e+01 -4.509221754685851513e-01
1.083874178957324075e+00 6.200149776492050790e+00
-9.090375629010422287e+00 -5.709110804722916654e+00
-8.740834732337702917e+00 -2.918876855453635066e+00
1.903098385740092269e+01 3.271279855094348488e+00
1.090915301957387840e+00 1.304637832159750133e+01
2.991092990395461282e+00 9.149740817573123408e+00
2.189187590852296861e+00 8.902090883132508736e+00
-1.586202866128678224e+01 -3.247225675395817301e+00
2.029615448351218276e+01 -1.069228797761039740e+00
-1.152888243229623200e+01 -1.823736110961871937e+00
4.798370441763168404e-01 1.315342649316379564e+01
1.913488115955968638e+01 2.065551983052592355e+00
-1.844918807454745124e+00 1.118856517209310830e+01
1.453422409140260285e+01 1.388023422753783320e+00
2.157200785748944583e+01 6.952865218640280620e-01
1.984006883578395053e+00 8.466078974562643467e+00
2.138387869389478624e+01 -2.445125834180941204e+00
2.477605752599440603e+00 6.202623405912278898e+00
-8.859681810435969140e+00 -3.985141275180213771e+00
-1.037310406008415953e+01 -4.682147672473147892e+00
1.897412163620952796e+01 1.260098643948221353e+00
-1.445834469431153479e+01 -5.526993693417416864e+00
1.583577699339488998e-01 7.860738334970609031e+00
-1.069073200692796277e+01 -7.706638016637732846e+00
1.936929496398404638e+01 -2.317728876254920412e+00
-1.124934961837243286e+01 -3.275878681143015392e+00
1.256735894006287158e+00 9.007462292825897165e+00
8.475556732434662566e-01 1.271995196075723022e+01
1.883030860877612511e+01 4.614084631250026547e+00
-1.125652904125921339e+01 -4.808967332673379502e+00
-1.010218949704164482e+00 1.256150267598677317e+01
1.728435527614670120e+00 8.436356799713516708e+00
-7.280056866936738480e+00 9.539603512109684047e+00
2.244979565564450752e+01 1.762919756299061280e+00
-4.504200362845836025e-01 7.376121143112063905e+00
-1.656901009795508806e+00 7.955583773222723920e+00
-1.207261224180943948e+01 -3.249422369394791232e+00
-1.231066776347639191e+01 -4.919435918054163359e+00
1.971740274582627350e+01 1.480159128795078605e+00
1.645588035933161564e+01 -3.055466116702277635e+00
-1.671861405708695569e+00 1.131952088955226543e+01
-8.936995567740611435e+00 -1.332460397366185489e+00
2.325196576237067347e+01 2.068350496641572445e+00
2.603536954745104026e+01 5.306564610091923928e-01
-2.582895095157936360e+00 5.983869270176369604e+00
2.357789967240867313e+01 4.702083240637606742e-01
6.259151073481704353e-02 9.926343702083260112e+00
2.125976911158353033e+01 -2.244813366702718582e+00
-1.157809520768525724e+00 8.655923275704319408e+00
-8.955029907803750966e-01 8.206013265370222243e+00
1.943428517274825396e+01 1.598119601418836355e+00
-2.790506214650204875e+00 1.180701474702217446e+01
-2.707767445150875751e+00 1.222974380510722980e+01
1.610639654318314484e+01 1.599680933991253218e+00
2.083819561766203066e+01 -1.990648567564242133e-01
5.691286638142016852e-01 1.022511511980973609e+01
5.312605750219743239e-01 8.919927022512888826e+00
-1.273755545299323222e+00 7.475262725043513967e+00
1.893703028735473382e+01 1.425273867465234767e+00
2.247134103620049572e+01 -2.842818459138652276e+00
2.028975328832332892e+01 4.295012055780961235e-01
-9.228827124277167115e+00 -5.684993623596245271e+00
-1.054846287357227830e+01 -4.631376524478233669e+00
-1.358448053565370905e+01 -5.615949378358935817e+00
2.363774805703634030e+01 3.879536276577304932e+00
1.963882343643145845e+01 1.084348838213922139e+00
-1.318255136064439625e+01 -7.406904535797309563e+00
2.005263412615584429e+01 -1.281603130505146515e+00
-8.240790310440345934e+00 6.557942124557873953e-01
-1.148302861108795980e+01 -7.763558220194894943e-01
-8.989098326691316032e+00 -5.100241326901373107e+00
2.135470087251329474e+01 7.765858930858789977e-01
2.195570379909862169e+01 1.752517616231006103e+00
-1.019996512952112333e+01 -4.715967625691389387e+00
3.875240214596167299e+00 1.175883354913271361e+01
1.938425733524417183e+01 1.916608940601824740e+00
-2.413352692670821531e-01 1.054140362024448230e+01
1.723415269835000041e+00 9.644180638485769563e+00
4.383403367564411290e+00 1.025918676683880726e+01
-1.436805765053563455e+01 -7.216186412087351343e+00
-6.949227511924043199e+00 -6.778093579679795866e+00
-5.430665966344160545e+00 -4.406738604500413103e+00
1.825118030500047439e+01 -9.083985728990061626e-01
1.617355172201115820e+01 -2.383339419199995923e+00
-8.763213922022389468e+00 -8.225816136854945171e+00
-9.197473254424382461e+00 -6.372110232474865299e+00
1.983252184892951853e+00 1.160980034900984315e+01
-4.657187754028484505e+00 -6.682306993911536708e+00
1.995784108054331796e+01 1.742169955100741463e+00
2.019705470693001104e+01 2.427636663236557357e+00
2.533270677182628461e+01 -1.306764889013476871e+00
-5.704728791060944104e+00 -6.812800408177858813e+00
2.188885268486177793e+01 -1.207407672715560709e+00
-9.845378250286414001e+00 -5.625333171899277396e+00
-6.268648875584818647e+00 -7.844486487004662223e+00
2.774639523334848867e+00 1.143920983067056518e+01
2.730808843170422051e+00 1.170523775930601573e+01
1.993960971800338200e+01 1.883960079720126135e+00
7.292364753637951835e-02 7.673776505017473326e+00
-1.047428578709071800e+01 -3.182998251240498178e+00
2.197206676661211588e+01 4.749339394227022559e+00
-7.750093823040336005e+00 -6.879590819016247139e+00
2.105660637392566770e+01 -2.910068672697565084e+00
3.411656677778868857e-02 1.242398438737541788e+01
-4.639864605497782790e+00 8.377849872538353893e+00
-1.086071979394680653e+01 -6.793018594159867973e+00
-1.345245461098242723e+00 1.289278298865497518e+01
-1.047525034055799331e+01 -2.492762475607209982e+00
-1.530074261030316762e+01 -8.563929500155518681e+00
-1.192929354128034136e+00 9.305692705880101556e+00
-1.002779628941633305e+01 -5.171605499866627653e+00
-1.031195362570485763e+01 -6.346864634514000514e+00
2.455396240037319711e+00 9.943914983765361981e+00
-1.054838713135622008e+01 9.563363202100729765e-01
2.029939542984114098e+01 3.269862946248716984e+00
-9.535683088824740139e+00 -4.690520146342644026e+00
-6.708049924982358192e+00 -3.985975397905979989e+00
1.482511779496547533e+01 2.605457778733396346e+00
1.367222240347105044e+00 1.519522534369462718e+01
-6.039646764708255233e-01 9.008376082571883714e+00
1.848509106744836217e+01 3.839043993349674277e+00
-8.550061235023612483e+00 -9.193060812071287558e-01
1.775029482364108802e+01 -3.989374892254186733e+00
-8.186950019612392992e+00 -8.588989837065390986e+00
2.252054826391913789e+00 8.966813464444623349e+00
-1.306602445471063056e+01 -4.588088177976533011e+00
-1.262572282939239088e+01 -5.382351232360576887e+00
1.705507655712226978e+01 -1.442463307570587272e+00
1.967108591173936460e+01 2.344780487954588821e+00
2.146700611366064493e+01 7.584020481531559277e-01
-1.196132603087152413e+00 1.010968303154979964e+01
-7.809420556900297683e+00 -4.162165698260808178e+00
2.019485743104952746e+01 -5.782292503476115231e-01
2.059663252350690499e+01 1.998139904875343653e+00
-1.043746816597461979e+01 -6.289533782510264182e+00
2.709514296248628166e-03 1.004739701879978853e+01
-8.186035917218717373e+00 -5.240907966470455648e+00
2.001556690046091447e+01 4.658947638844086470e+00
1.916015634405341217e+01 -1.813250389761422943e+00
-8.612303382670688734e+00 -6.684193030217198128e+00
-8.419957930107427657e+00 -4.151265162609211856e+00
1.039512381312295286e+00 1.048823796419707044e+01
1.085660241229237766e+00 7.190582676594031497e+00
1.995185641322329317e+01 -2.744614644348912780e+00
-1.202452639032782988e+00 1.028234568416402617e+01
-9.608910896160659243e-02 7.831032973203752690e+00
2.377515861396166841e+01 1.885417182140870951e+00
2.324299616795893542e+01 -1.413163150993950179e+00
1.869061631935555923e+01 1.807711285524971956e+00
-9.767326037487828572e+00 -6.723729985271714504e+00
2.211693976196434619e+01 1.650477514816145685e+00
-1.277277679642362251e+01 -8.841446219627073333e+00
-7.460281217585787772e+00 -5.736145866447872166e+00
1.245466591216993990e+00 8.897154604987832727e+00
1.270823124667726400e+00 9.507847002319271823e+00
-1.203007651010806534e+01 -7.176061553859385711e+00
1.993483504933291073e+01 -3.463349542075622622e+00
4.259009155265349733e-01 9.763045024759033907e+00
-1.156591119787767141e+01 -5.037421180048973213e+00
-5.970372550564753134e+00 -5.817145701363712007e+00
-1.343900362248234792e+01 -3.259011273517271157e+00
2.382162495043804995e+01 -2.964199423992583071e+00
2.154837801246481632e+01 5.315860782407032525e-01
-1.885851657981577612e+00 1.495237004502760847e+01
-1.053031232362219072e+01 -5.981017468527073611e+00
4.860725575542774735e+00 9.690963085263621934e+00
-1.179707284877756024e+01 -3.393303920007486596e+00
1.873541709673782663e+01 2.576778765231512391e+00
-2.415578103624610673e+00 1.151241289337767704e+01
-1.095149841824618520e+01 -5.287686159278888631e+00
-2.222587266884495261e+00 9.310187469281016703e+00
-1.031104224954542659e+01 -2.822454713594963582e+00
2.191063927969304359e+01 1.843887499548125808e+00
1.529198603832815806e+00 1.231798544770406956e+01
-1.118094782156811906e+00 9.894382562338318365e+00
1.996886175468106828e+01 -1.170769234755956401e+00
-6.883298785439199818e+00 -1.509844954531146755e+00
-1.316716748384230584e+01 -6.470194227112801677e+00
1.693709131652929401e+01 3.121232808371083856e+00
-1.006730506808869485e+01 -3.466819905528771173e+00
2.201867394067171091e+01 2.423579454106469466e+00
2.127805634663925360e+01 -4.132946371671984309e+00
-8.116604433775309602e+00 -2.983512587619081113e+00
-1.005401226003596982e+01 -8.836267708765504381e+00
-1.108027419871901742e+01 -5.749012550042216674e+00
-1.116240587146823948e+01 -9.264805592009995650e+00
1.921758545261980800e+01 9.595493591043791071e-01
1.010386593591341420e+00 1.096127690628661888e+01
4.575967938063221774e-01 8.177834066289646486e+00
4.264963728451652836e-01 1.066113715392818762e+01
-8.008863765460803030e-01 9.342193664807574294e+00
1.885325874695102399e+01 -1.436134432175703246e+00
-9.111190817168054679e+00 -8.300918023142751068e+00
-7.825753182306315558e+00 -3.121560347924533740e+00
-1.818201076257494275e+00 9.769675344995766508e+00
-1.410342796037663149e+01 -1.035059977142560861e+01
3.397838842340631160e+00 1.037305783943142323e+01
-2.336694520319857027e+00 9.636238454190458214e+00
-3.434698948440422672e+00 1.247351619886144825e+01
-3.087729101623140071e+00 1.090217482812175298e+01
-1.161055907065154713e+00 1.006076314705818753e+01
-8.749599344315226901e+00 -8.374510784700712307e+00
-1.031219668222117036e+01 -4.594325943637842968e+00
3.306159876357471772e-01 6.279489620428593710e+00
1.829248327197719348e+01 -2.100616071508983218e+00
-6.769329229222358357e-01 1.170392784077738924e+01
2.065256623442486372e+01 5.539883497302772186e-01
-1.088178770866133505e+01 -2.499133922333504731e+00
-7.797411293009040567e-02 1.014791356775774567e+01
-1.120348852042606325e+01 -6.745289385949035932e+00
2.125270485087234462e+01 -3.431042269064686678e+00
-8.475150832773863385e+00 -6.227799388248962842e+00
1.663109949022833334e+01 -1.901403807147054037e+00
2.142400389878354794e+00 1.033925577379596561e+01
2.142234324387493771e+01 1.891925338143463087e+00
-7.506398417870272510e+00 -3.941664879043151437e+00
1.490146224645276618e+01 -4.740863512234292365e+00
-3.139934791382288926e-01 9.128340091354120389e+00
-2.122723269714614780e+00 9.271838017650630093e+00
-1.286222835967146239e+01 -1.020522337133292723e+01
-8.101516318263636052e+00 -4.906703376751997858e+00
8.931619293130805826e-01 9.541450883979450737e+00
-1.161804475752238730e+01 -4.206045848442655277e+00
-1.139232001487578572e+01 -3.679782411194445935e+00
2.255859688836942922e+01 4.781777643452246096e+00
-1.183356367465924386e+01 -5.687461711589432589e+00
-3.958851162495891085e+00 7.608651834231199729e+00
2.397279964486725135e+01 -6.665263349691077366e-01
1.858713287315099549e+01 7.020760238448495727e-01
-1.007550993330323585e+01 -7.676349357005660679e+00
2.063375195762037251e+01 7.370929465621376409e-01
2.315991978505752158e+01 -1.741677725072548366e+00
-1.090526562256043697e+01 -3.733000333468253551e+00
2.489336573398496455e+01 2.116490575246227746e+00
-1.139523699556332659e+01 -6.396369437680129444e+00
1.639591100687378145e+01 1.796427992280767771e+00
2.045132180017941081e+01 1.440045876676652459e-01
